Loading db_elasticidade.csv...
Raw tail:
130      839.0
131      734.0
132      833.0
133      744.0
134    1,245,0
135      857.0
136      663.0
137      525.0
138    1,030,0
139      880.0
140      667.0
141      676.0
142      743.0
143      825.0
144      321.0
Name: kpi, dtype: object

Cleaned Tail:
     quantity    price
130     839.0  6085.64
131     734.0  5799.26
132     833.0  5889.40
133     744.0  5833.71
134    1245.0  5682.61
135     857.0  5940.85
136     663.0  6110.81
137     525.0  6214.79
138    1030.0  5710.15
139     880.0  5781.43
140     667.0  6070.05
141     676.0  6069.40
142     743.0  5776.95
143     825.0  5694.55
144     321.0  5826.32

ELASTICITY (Beta): -1.1477877453556882
